36
44
160      1d8 10 10
 95      1d9 10 10
150      2d4 10 10
140      3d4 10 10
180      2d8 10 10
170      3d4 10 10
180      2d6 10 10
160      2d6 10 10
150      2d5 10 10
 40      1d4 10 10
110      1d7 10 10
 20      1d4 10 10
 30      1d5 10 10
 15      1d4 10 10
 12      1d4 10 10
260      4d5 10 10
170      1d10 10 10
150      2d6 10 10
 30      1d5 10 10
190      2d6 10 10
190      3d4 10 10
 30      1d4 10 10
120      3d4 10 10
300      2d8 10 10
130      1d10 10 10
120      2d5 10 10
120      2d4 10 10
180      3d4 10 10
150      2d6 10 10
160      2d5 10 10
 40      1d6 10 10
 50      1d7 10 10
 75      1d6 10 10
 50      1d6 10 10
100      1d7 10 10
 80      1d6 10 10
280      3d6 10 10
200      3d6 10 10
180      3d6 10 10
240      4d5 10 10
200      4d4 10 10
280      4d6 10 10
120      3d3 10 10
100      1d3 10 10
18/100 18/100
