10
44
160      1d8 3 3
 95      1d9 3 3
150      2d4 3 3
140      3d4 3 3
180      2d8 3 3
170      3d4 3 3
180      2d6 3 3
160      2d6 3 3
150      2d5 3 3
 40      1d4 3 3
110      1d7 3 3
 20      1d4 3 3
 30      1d5 3 3
 15      1d4 3 3
 12      1d4 3 3
260      4d5 3 3
170      1d10 3 3
150      2d6 3 3
 30      1d5 3 3
190      2d6 3 3
190      3d4 3 3
 30      1d4 3 3
120      3d4 3 3
300      2d8 3 3
130      1d10 3 3
120      2d5 3 3
120      2d4 3 3
180      3d4 3 3
150      2d6 3 3
160      2d5 3 3
 40      1d6 3 3
 50      1d7 3 3
 75      1d6 3 3
 50      1d6 3 3
100      1d7 3 3
 80      1d6 3 3
280      3d6 3 3
200      3d6 3 3
180      3d6 3 3
240      4d5 3 3
200      4d4 3 3
280      4d6 3 3
120      3d3 3 3
100      1d3 3 3
11 15
