20
44
160      1d8 6 6
 95      1d9 6 6
150      2d4 6 6
140      3d4 6 6
180      2d8 6 6
170      3d4 6 6
180      2d6 6 6
160      2d6 6 6
150      2d5 6 6
 40      1d4 6 6
110      1d7 6 6
 20      1d4 6 6
 30      1d5 6 6
 15      1d4 6 6
 12      1d4 6 6
260      4d5 6 6
170      1d10 6 6
150      2d6 6 6
 30      1d5 6 6
190      2d6 6 6
190      3d4 6 6
 30      1d4 6 6
120      3d4 6 6
300      2d8 6 6
130      1d10 6 6
120      2d5 6 6
120      2d4 6 6
180      3d4 6 6
150      2d6 6 6
160      2d5 6 6
 40      1d6 6 6
 50      1d7 6 6
 75      1d6 6 6
 50      1d6 6 6
100      1d7 6 6
 80      1d6 6 6
280      3d6 6 6
200      3d6 6 6
180      3d6 6 6
240      4d5 6 6
200      4d4 6 6
280      4d6 6 6
120      3d3 6 6
100      1d3 6 6
18 18
